ZhangConstraintsTerm
v=
- 0.0000176    0.1260062    0.0000101  - 5.679D-08    2.411D-08  - 1.087D-14

  0.1260397    0.0000201    8.040D-10    4.825D-08    3.854D-12    4.618D-15

  2.472D-09  - 0.0000353    0.1259728    1.590D-11  - 0.0000001    2.559D-14

- 0.0000229    0.1265998  - 0.0094480  - 1.591D-08  - 0.0000394    7.161D-12

  0.0814318  - 0.0121545    0.0004535  - 0.0000507    0.0000038    7.878D-09

  6.422D-09  - 0.0000711    0.1968158    1.293D-11  - 7.159D-08    6.509D-15

  0.0266164    0.1461916  - 0.0266084    2.638D-08    8.134D-09    1.988D-15

  0.1509004  - 0.0532220    0.0046928    2.480D-08  - 4.374D-09    1.019D-15

  0.0046947    0.0532275    0.1508703    8.533D-09    4.837D-08    3.877D-15

- 0.0100841    0.1023344  - 0.0000002  - 0.0000317  - 1.731D-09    5.523D-13

  0.1554600  - 0.0000005    3.782D-13  - 5.409D-09    8.437D-15    4.705D-17

  0.0006541  - 0.0132761    0.0673635    0.0000041  - 0.0000418    6.483D-09

 ZhangConstraints
 v=
 - 0.0000176    0.1260062    0.0000101  - 5.679D-08    2.411D-08  - 1.087D-14
  0.1260396    0.0000554  - 0.1259728    4.823D-08    0.0000001  - 2.097D-14

- 0.0000229    0.1265998  - 0.0094480  - 1.591D-08  - 0.0000394    7.161D-12
  0.0814318  - 0.0120834  - 0.1963622  - 0.0000507    0.0000039    7.878D-09

  0.0266164    0.1461916  - 0.0266084    2.638D-08    8.134D-09    1.988D-15
  0.1462057  - 0.1064496  - 0.1461775    1.627D-08  - 5.275D-08  - 2.858D-15

- 0.0100841    0.1023344  - 0.0000002  - 0.0000317  - 1.731D-09    5.523D-13
  0.1548058    0.0132756  - 0.0673635  - 0.0000041    0.0000418  - 6.483D-09

IntrinsicMatrix
A=
3498.2767  - 3.13105      336.76583
0.           3503.8946    220.1142
0.           0.           1.

ExtrinsicMatrix
E=
0.9999998    0.0009052    0.0009052  - 48.811566
0.0000377    0.9982948    0.0000376    54.733308
0.0006696  - 0.0015763  - 0.0000011    9854.3605

0.7124496    0.0007762    0.0005530  - 46.123208
- 0.0039703    1.0010299  - 0.0039744    43.83032
- 0.7017120  - 0.0006379    0.0004476    7905.8899

0.9848432    0.1745697    0.1719238  - 43.812298
- 0.1734468    0.9833136  - 0.1705526    49.196566
0.0002832    0.0005524    0.0000002    8870.6728

1.           0.0045336    0.0045336  - 143.86961
0.0000023    0.7020868    0.0000016    42.078156
- 0.0000609  - 0.714386     0.0000435    8872.4252
